JAB_1 5 15 40 1 0.05
JAB_2 7 20 40 1 0.05
JAB_3 10 45 170 1 0.06
FTILT 5 30 200 1 0.06
UTILT 10 90 250 1 0.06
DTILT 5 135 100 1 0.06
NAIR 30 70 300 1 0.06
FAIR 20 240 100 1 0.06
UAIR 15 85 200 1 0.06
DAIR 15 290 1500 1 0.15
BAIR 20 110 200 1 0.06
FSTRONG 40 35 550 2 0.15
USTRONG 40 89 550 2 0.15
DSTRONG 40 15 400 2 0.15
NSPECIAL 10 150 250 0 0.05
FSPECIAL 10 90 350 0 0.05
USPECIAL_1 10 90 500 5 0.01
USPECIAL_2 10 65 400 5 0.01
USPECIAL_3 10 60 350 3 0.09
DSPECIAL_1 5 40 90 1 0.05
DSPECIAL_2 5 170 90 .1 0.05
DSPECIAL_3 5 90 200 .1 0.05
DASH 5 90 200 1 0.05
FAIR_2 20 75 400 1 0.09